image_width: 640
image_height: 480
camera_name: my_camera
camera_matrix:
  rows: 3
  cols: 3
  data: [529.85005,   0.     , 322.1869 ,
           0.     , 529.90487, 231.48403,
           0.     ,   0.     ,   1.     ]
distortion_model: plumb_bob
distortion_coefficients:
  rows: 1
  cols: 5
  data: [-0.090492, 0.200842, 0.000536, -0.000160, 0.000000]
rectification_matrix:
  rows: 3
  cols: 3
  data: [1., 0., 0.,
         0., 1., 0.,
         0., 0., 1.]
projection_matrix:
  rows: 3
  cols: 4
  data: [536.40955,   0.     , 321.40497,   0.     ,
           0.     , 535.52753, 231.64514,   0.     ,
           0.     ,   0.     ,   1.     ,   0.     ]
