image_width: 640
image_height: 480
camera_name: my_camera
camera_matrix:
  rows: 3
  cols: 3
  data: [641.12693,   0.     , 322.94882,
           0.     , 645.36842, 251.42089,
           0.     ,   0.     ,   1.     ]
distortion_model: plumb_bob
distortion_coefficients:
  rows: 1
  cols: 5
  data: [0.050119, -0.240750, 0.006568, 0.008645, 0.000000]
rectification_matrix:
  rows: 3
  cols: 3
  data: [1., 0., 0.,
         0., 1., 0.,
         0., 0., 1.]
projection_matrix:
  rows: 3
  cols: 4
  data: [639.45058,   0.     , 327.41882,   0.     ,
           0.     , 647.97665, 253.51363,   0.     ,
           0.     ,   0.     ,   1.     ,   0.     ]
